@<TRIPOS>MOLECULE

  24   25
SMALL
USER_CHARGES
@<TRIPOS>ATOM
   1 C1           1.8776     0.1224     0.1224 C.3          1    LIG   0.0000
   2 C2           1.0000     1.0000     1.0000 C.3          1    LIG   0.0000
   3 C3           0.1224     1.8776     0.1224 C.3          1    LIG   0.0000
   4 C4           1.8778     1.8778     1.8778 C.2          1    LIG   0.0000
   5 C5           1.8881     1.8849     3.2391 C.2          1    LIG   0.0000
   6 C6           2.8498     2.8467     3.6193 C.ar         1    LIG   0.0000
   7 C7           3.3177     3.3203     4.8432 C.ar         1    LIG   0.0000
   8 C8           4.2963     4.3085     4.9338 C.ar         1    LIG   0.0000
   9 Br9          4.9660     4.9836     6.6502 Br           1    LIG   0.0000
  10 C10          4.7978     4.8144     3.7393 C.ar         1    LIG   0.0000
  11 C11          4.3342     4.3458     2.5145 C.ar         1    LIG   0.0000
  12 C12          3.3563     3.3581     2.4518 C.ar         1    LIG   0.0000
  13 O13          2.7534     2.7534     1.4518 O.2          1    LIG   0.0000
  14 H            1.3002    -0.4549    -0.4549 H            1    LIG   0.0000
  15 H            2.4549     0.6998    -0.4549 H            1    LIG   0.0000
  16 H            2.4549    -0.4549     0.6998 H            1    LIG   0.0000
  17 H            0.4226     0.4226     1.5774 H            1    LIG   0.0000
  18 H           -0.4549     1.3002    -0.4549 H            1    LIG   0.0000
  19 H           -0.4549     2.4549     0.6998 H            1    LIG   0.0000
  20 H            0.6998     2.4549    -0.4549 H            1    LIG   0.0000
  21 H            1.3278     1.3225     3.8472 H            1    LIG   0.0000
  22 H            2.9383     2.9379     5.6857 H            1    LIG   0.0000
  23 H            5.5013     5.5248     3.7613 H            1    LIG   0.0000
  24 H            4.7086     4.7238     1.6678 H            1    LIG   0.0000
@<TRIPOS>BOND
   1        1        2 1
   2        2        3 1
   3        2        4 1
   4        4        5 2
   5        5        6 1
   6        6        7 ar
   7        7        8 ar
   8        8        9 1
   9        8       10 ar
  10       10       11 ar
  11       11       12 ar
  12       12        6 ar
  13       12       13 1
  14       13        4 1
  15        1       14 1
  16        1       15 1
  17        1       16 1
  18        2       17 1
  19        3       18 1
  20        3       19 1
  21        3       20 1
  22        5       21 1
  23        7       22 1
  24       10       23 1
  25       11       24 1

@<TRIPOS>MOLECULE

  24   25
SMALL
USER_CHARGES
@<TRIPOS>ATOM
   1 C1           1.8776     0.1224     0.1224 C.3          1    LIG   0.0000
   2 C2           1.0000     1.0000     1.0000 C.3          1    LIG   0.0000
   3 C3           0.1224     1.8776     0.1224 C.3          1    LIG   0.0000
   4 C4           1.8778     1.8778     1.8778 C.2          1    LIG   0.0000
   5 C5           2.7899     1.4356     2.7866 C.2          1    LIG   0.0000
   6 C6           3.3638     2.5913     3.3607 C.ar         1    LIG   0.0000
   7 C7           4.3339     2.8109     4.3364 C.ar         1    LIG   0.0000
   8 C8           4.7172     4.0919     4.7294 C.ar         1    LIG   0.0000
   9 Br9          6.0829     4.4163     6.1005 Br           1    LIG   0.0000
  10 C10          4.0866     5.1617     4.1032 C.ar         1    LIG   0.0000
  11 C11          3.1172     4.9485     3.1288 C.ar         1    LIG   0.0000
  12 C12          2.7527     3.6590     2.7545 C.ar         1    LIG   0.0000
  13 O13          1.8857     3.1873     1.8857 O.2          1    LIG   0.0000
  14 H            1.3002    -0.4549    -0.4549 H            1    LIG   0.0000
  15 H            2.4549     0.6998    -0.4549 H            1    LIG   0.0000
  16 H            2.4549    -0.4549     0.6998 H            1    LIG   0.0000
  17 H            0.4226     0.4226     1.5774 H            1    LIG   0.0000
  18 H           -0.4549     1.3002    -0.4549 H            1    LIG   0.0000
  19 H           -0.4549     2.4549     0.6998 H            1    LIG   0.0000
  20 H            0.6998     2.4549    -0.4549 H            1    LIG   0.0000
  21 H            3.0092     0.4845     3.0038 H            1    LIG   0.0000
  22 H            4.7701     2.0223     4.7697 H            1    LIG   0.0000
  23 H            4.3335     6.0970     4.3570 H            1    LIG   0.0000
  24 H            2.6763     5.7323     2.6915 H            1    LIG   0.0000
@<TRIPOS>BOND
   1        1        2 1
   2        2        3 1
   3        2        4 1
   4        4        5 2
   5        5        6 1
   6        6        7 ar
   7        7        8 ar
   8        8        9 1
   9        8       10 ar
  10       10       11 ar
  11       11       12 ar
  12       12        6 ar
  13       12       13 1
  14       13        4 1
  15        1       14 1
  16        1       15 1
  17        1       16 1
  18        2       17 1
  19        3       18 1
  20        3       19 1
  21        3       20 1
  22        5       21 1
  23        7       22 1
  24       10       23 1
  25       11       24 1

@<TRIPOS>MOLECULE

  24   25
SMALL
USER_CHARGES
@<TRIPOS>ATOM
   1 C1           1.8776     0.1224     0.1224 C.3          1    LIG   0.0000
   2 C2           1.0000     1.0000     1.0000 C.3          1    LIG   0.0000
   3 C3           0.1224     1.8776     0.1224 C.3          1    LIG   0.0000
   4 C4           1.8778     1.8778     1.8778 C.2          1    LIG   0.0000
   5 C5           1.4356     2.7866     2.7899 C.2          1    LIG   0.0000
   6 C6           2.5913     3.3607     3.3638 C.ar         1    LIG   0.0000
   7 C7           2.8109     4.3364     4.3339 C.ar         1    LIG   0.0000
   8 C8           4.0919     4.7294     4.7172 C.ar         1    LIG   0.0000
   9 Br9          4.4163     6.1005     6.0829 Br           1    LIG   0.0000
  10 C10          5.1617     4.1032     4.0866 C.ar         1    LIG   0.0000
  11 C11          4.9485     3.1288     3.1172 C.ar         1    LIG   0.0000
  12 C12          3.6590     2.7545     2.7527 C.ar         1    LIG   0.0000
  13 O13          3.1873     1.8857     1.8857 O.2          1    LIG   0.0000
  14 H            1.3002    -0.4549    -0.4549 H            1    LIG   0.0000
  15 H            2.4549     0.6998    -0.4549 H            1    LIG   0.0000
  16 H            2.4549    -0.4549     0.6998 H            1    LIG   0.0000
  17 H            0.4226     0.4226     1.5774 H            1    LIG   0.0000
  18 H           -0.4549     1.3002    -0.4549 H            1    LIG   0.0000
  19 H           -0.4549     2.4549     0.6998 H            1    LIG   0.0000
  20 H            0.6998     2.4549    -0.4549 H            1    LIG   0.0000
  21 H            0.4845     3.0038     3.0092 H            1    LIG   0.0000
  22 H            2.0223     4.7697     4.7701 H            1    LIG   0.0000
  23 H            6.0970     4.3570     4.3335 H            1    LIG   0.0000
  24 H            5.7323     2.6915     2.6763 H            1    LIG   0.0000
@<TRIPOS>BOND
   1        1        2 1
   2        2        3 1
   3        2        4 1
   4        4        5 2
   5        5        6 1
   6        6        7 ar
   7        7        8 ar
   8        8        9 1
   9        8       10 ar
  10       10       11 ar
  11       11       12 ar
  12       12        6 ar
  13       12       13 1
  14       13        4 1
  15        1       14 1
  16        1       15 1
  17        1       16 1
  18        2       17 1
  19        3       18 1
  20        3       19 1
  21        3       20 1
  22        5       21 1
  23        7       22 1
  24       10       23 1
  25       11       24 1

@<TRIPOS>MOLECULE

  24   25
SMALL
USER_CHARGES
@<TRIPOS>ATOM
   1 C1           1.8776     0.1224     0.1224 C.3          1    LIG   0.0000
   2 C2           1.0000     1.0000     1.0000 C.3          1    LIG   0.0000
   3 C3           0.1224     1.8776     0.1224 C.3          1    LIG   0.0000
   4 C4           1.8778     1.8778     1.8778 C.2          1    LIG   0.0000
   5 C5           3.1192     1.5574     2.3355 C.2          1    LIG   0.0000
   6 C6           3.5513     2.6610     3.1035 C.ar         1    LIG   0.0000
   7 C7           4.7064     2.9463     3.8285 C.ar         1    LIG   0.0000
   8 C8           4.8739     4.1448     4.5199 C.ar         1    LIG   0.0000
   9 Br9          6.4955     4.5609     5.5434 Br           1    LIG   0.0000
  10 C10          3.8298     5.0616     4.4601 C.ar         1    LIG   0.0000
  11 C11          2.6742     4.7821     3.7382 C.ar         1    LIG   0.0000
  12 C12          2.5322     3.5776     3.0565 C.ar         1    LIG   0.0000
  13 O13          1.5681     3.0710     2.3195 O.2          1    LIG   0.0000
  14 H            1.3002    -0.4549    -0.4549 H            1    LIG   0.0000
  15 H            2.4549     0.6998    -0.4549 H            1    LIG   0.0000
  16 H            2.4549    -0.4549     0.6998 H            1    LIG   0.0000
  17 H            0.4226     0.4226     1.5774 H            1    LIG   0.0000
  18 H           -0.4549     1.3002    -0.4549 H            1    LIG   0.0000
  19 H           -0.4549     2.4549     0.6998 H            1    LIG   0.0000
  20 H            0.6998     2.4549    -0.4549 H            1    LIG   0.0000
  21 H            3.6235     0.7113     2.1627 H            1    LIG   0.0000
  22 H            5.4405     2.2678     3.8537 H            1    LIG   0.0000
  23 H            3.9110     5.9337     4.9427 H            1    LIG   0.0000
  24 H            1.9357     5.4557     3.7088 H            1    LIG   0.0000
@<TRIPOS>BOND
   1        1        2 1
   2        2        3 1
   3        2        4 1
   4        4        5 2
   5        5        6 1
   6        6        7 ar
   7        7        8 ar
   8        8        9 1
   9        8       10 ar
  10       10       11 ar
  11       11       12 ar
  12       12        6 ar
  13       12       13 1
  14       13        4 1
  15        1       14 1
  16        1       15 1
  17        1       16 1
  18        2       17 1
  19        3       18 1
  20        3       19 1
  21        3       20 1
  22        5       21 1
  23        7       22 1
  24       10       23 1
  25       11       24 1

@<TRIPOS>MOLECULE

  24   25
SMALL
USER_CHARGES
@<TRIPOS>ATOM
   1 C1           1.8776     0.1224     0.1224 C.3          1    LIG   0.0000
   2 C2           1.0000     1.0000     1.0000 C.3          1    LIG   0.0000
   3 C3           0.1224     1.8776     0.1224 C.3          1    LIG   0.0000
   4 C4           1.8778     1.8778     1.8778 C.2          1    LIG   0.0000
   5 C5           1.5555     3.1173     2.3393 C.2          1    LIG   0.0000
   6 C6           2.6592     3.5495     3.1071 C.ar         1    LIG   0.0000
   7 C7           2.9478     4.7078     3.8256 C.ar         1    LIG   0.0000
   8 C8           4.1518     4.8809     4.5058 C.ar         1    LIG   0.0000
   9 Br9          4.5710     6.5056     5.5231 Br           1    LIG   0.0000
  10 C10          5.0712     3.8394     4.4409 C.ar         1    LIG   0.0000
  11 C11          4.7888     2.6809     3.7248 C.ar         1    LIG   0.0000
  12 C12          3.5787     2.5332     3.0544 C.ar         1    LIG   0.0000
  13 O13          3.0710     1.5681     2.3195 O.2          1    LIG   0.0000
  14 H            1.3002    -0.4549    -0.4549 H            1    LIG   0.0000
  15 H            2.4549     0.6998    -0.4549 H            1    LIG   0.0000
  16 H            2.4549    -0.4549     0.6998 H            1    LIG   0.0000
  17 H            0.4226     0.4226     1.5774 H            1    LIG   0.0000
  18 H           -0.4549     1.3002    -0.4549 H            1    LIG   0.0000
  19 H           -0.4549     2.4549     0.6998 H            1    LIG   0.0000
  20 H            0.6998     2.4549    -0.4549 H            1    LIG   0.0000
  21 H            0.7082     3.6204     2.1689 H            1    LIG   0.0000
  22 H            2.2675     5.4402     3.8543 H            1    LIG   0.0000
  23 H            5.9473     3.9246     4.9156 H            1    LIG   0.0000
  24 H            5.4644     1.9444     3.6913 H            1    LIG   0.0000
@<TRIPOS>BOND
   1        1        2 1
   2        2        3 1
   3        2        4 1
   4        4        5 2
   5        5        6 1
   6        6        7 ar
   7        7        8 ar
   8        8        9 1
   9        8       10 ar
  10       10       11 ar
  11       11       12 ar
  12       12        6 ar
  13       12       13 1
  14       13        4 1
  15        1       14 1
  16        1       15 1
  17        1       16 1
  18        2       17 1
  19        3       18 1
  20        3       19 1
  21        3       20 1
  22        5       21 1
  23        7       22 1
  24       10       23 1
  25       11       24 1

@<TRIPOS>MOLECULE

  24   25
SMALL
USER_CHARGES
@<TRIPOS>ATOM
   1 C1           1.8776     0.1224     0.1224 C.3          1    LIG   0.0000
   2 C2           1.0000     1.0000     1.0000 C.3          1    LIG   0.0000
   3 C3           0.1224     1.8776     0.1224 C.3          1    LIG   0.0000
   4 C4           1.8778     1.8778     1.8778 C.2          1    LIG   0.0000
   5 C5           2.7866     2.7899     1.4356 C.2          1    LIG   0.0000
   6 C6           3.3607     3.3638     2.5913 C.ar         1    LIG   0.0000
   7 C7           4.3364     4.3339     2.8109 C.ar         1    LIG   0.0000
   8 C8           4.7294     4.7172     4.0919 C.ar         1    LIG   0.0000
   9 Br9          6.1005     6.0829     4.4163 Br           1    LIG   0.0000
  10 C10          4.1032     4.0866     5.1617 C.ar         1    LIG   0.0000
  11 C11          3.1288     3.1172     4.9485 C.ar         1    LIG   0.0000
  12 C12          2.7545     2.7527     3.6590 C.ar         1    LIG   0.0000
  13 O13          1.8857     1.8857     3.1873 O.2          1    LIG   0.0000
  14 H            1.3002    -0.4549    -0.4549 H            1    LIG   0.0000
  15 H            2.4549     0.6998    -0.4549 H            1    LIG   0.0000
  16 H            2.4549    -0.4549     0.6998 H            1    LIG   0.0000
  17 H            0.4226     0.4226     1.5774 H            1    LIG   0.0000
  18 H           -0.4549     1.3002    -0.4549 H            1    LIG   0.0000
  19 H           -0.4549     2.4549     0.6998 H            1    LIG   0.0000
  20 H            0.6998     2.4549    -0.4549 H            1    LIG   0.0000
  21 H            3.0038     3.0092     0.4845 H            1    LIG   0.0000
  22 H            4.7697     4.7701     2.0223 H            1    LIG   0.0000
  23 H            4.3570     4.3335     6.0970 H            1    LIG   0.0000
  24 H            2.6915     2.6763     5.7323 H            1    LIG   0.0000
@<TRIPOS>BOND
   1        1        2 1
   2        2        3 1
   3        2        4 1
   4        4        5 2
   5        5        6 1
   6        6        7 ar
   7        7        8 ar
   8        8        9 1
   9        8       10 ar
  10       10       11 ar
  11       11       12 ar
  12       12        6 ar
  13       12       13 1
  14       13        4 1
  15        1       14 1
  16        1       15 1
  17        1       16 1
  18        2       17 1
  19        3       18 1
  20        3       19 1
  21        3       20 1
  22        5       21 1
  23        7       22 1
  24       10       23 1
  25       11       24 1

@<TRIPOS>MOLECULE

  24   25
SMALL
USER_CHARGES
@<TRIPOS>ATOM
   1 C1           1.8776     0.1224     0.1224 C.3          1    LIG   0.0000
   2 C2           1.0000     1.0000     1.0000 C.3          1    LIG   0.0000
   3 C3           0.1224     1.8776     0.1224 C.3          1    LIG   0.0000
   4 C4           1.8778     1.8778     1.8778 C.2          1    LIG   0.0000
   5 C5           1.8849     3.2391     1.8881 C.2          1    LIG   0.0000
   6 C6           2.8467     3.6193     2.8498 C.ar         1    LIG   0.0000
   7 C7           3.3203     4.8432     3.3177 C.ar         1    LIG   0.0000
   8 C8           4.3085     4.9338     4.2963 C.ar         1    LIG   0.0000
   9 Br9          4.9836     6.6502     4.9660 Br           1    LIG   0.0000
  10 C10          4.8144     3.7393     4.7978 C.ar         1    LIG   0.0000
  11 C11          4.3458     2.5145     4.3342 C.ar         1    LIG   0.0000
  12 C12          3.3581     2.4518     3.3563 C.ar         1    LIG   0.0000
  13 O13          2.7534     1.4518     2.7534 O.2          1    LIG   0.0000
  14 H            1.3002    -0.4549    -0.4549 H            1    LIG   0.0000
  15 H            2.4549     0.6998    -0.4549 H            1    LIG   0.0000
  16 H            2.4549    -0.4549     0.6998 H            1    LIG   0.0000
  17 H            0.4226     0.4226     1.5774 H            1    LIG   0.0000
  18 H           -0.4549     1.3002    -0.4549 H            1    LIG   0.0000
  19 H           -0.4549     2.4549     0.6998 H            1    LIG   0.0000
  20 H            0.6998     2.4549    -0.4549 H            1    LIG   0.0000
  21 H            1.3225     3.8472     1.3278 H            1    LIG   0.0000
  22 H            2.9379     5.6857     2.9383 H            1    LIG   0.0000
  23 H            5.5248     3.7613     5.5013 H            1    LIG   0.0000
  24 H            4.7238     1.6678     4.7086 H            1    LIG   0.0000
@<TRIPOS>BOND
   1        1        2 1
   2        2        3 1
   3        2        4 1
   4        4        5 2
   5        5        6 1
   6        6        7 ar
   7        7        8 ar
   8        8        9 1
   9        8       10 ar
  10       10       11 ar
  11       11       12 ar
  12       12        6 ar
  13       12       13 1
  14       13        4 1
  15        1       14 1
  16        1       15 1
  17        1       16 1
  18        2       17 1
  19        3       18 1
  20        3       19 1
  21        3       20 1
  22        5       21 1
  23        7       22 1
  24       10       23 1
  25       11       24 1

@<TRIPOS>MOLECULE

  24   25
SMALL
USER_CHARGES
@<TRIPOS>ATOM
   1 C1           1.8776     0.1224     0.1224 C.3          1    LIG   0.0000
   2 C2           1.0000     1.0000     1.0000 C.3          1    LIG   0.0000
   3 C3           0.1224     1.8776     0.1224 C.3          1    LIG   0.0000
   4 C4           1.8778     1.8778     1.8778 C.2          1    LIG   0.0000
   5 C5           3.2391     1.8881     1.8849 C.2          1    LIG   0.0000
   6 C6           3.6193     2.8498     2.8467 C.ar         1    LIG   0.0000
   7 C7           4.8432     3.3177     3.3203 C.ar         1    LIG   0.0000
   8 C8           4.9338     4.2963     4.3085 C.ar         1    LIG   0.0000
   9 Br9          6.6502     4.9660     4.9836 Br           1    LIG   0.0000
  10 C10          3.7393     4.7978     4.8144 C.ar         1    LIG   0.0000
  11 C11          2.5145     4.3342     4.3458 C.ar         1    LIG   0.0000
  12 C12          2.4518     3.3563     3.3581 C.ar         1    LIG   0.0000
  13 O13          1.4518     2.7534     2.7534 O.2          1    LIG   0.0000
  14 H            1.3002    -0.4549    -0.4549 H            1    LIG   0.0000
  15 H            2.4549     0.6998    -0.4549 H            1    LIG   0.0000
  16 H            2.4549    -0.4549     0.6998 H            1    LIG   0.0000
  17 H            0.4226     0.4226     1.5774 H            1    LIG   0.0000
  18 H           -0.4549     1.3002    -0.4549 H            1    LIG   0.0000
  19 H           -0.4549     2.4549     0.6998 H            1    LIG   0.0000
  20 H            0.6998     2.4549    -0.4549 H            1    LIG   0.0000
  21 H            3.8472     1.3278     1.3225 H            1    LIG   0.0000
  22 H            5.6857     2.9383     2.9379 H            1    LIG   0.0000
  23 H            3.7613     5.5013     5.5248 H            1    LIG   0.0000
  24 H            1.6678     4.7086     4.7238 H            1    LIG   0.0000
@<TRIPOS>BOND
   1        1        2 1
   2        2        3 1
   3        2        4 1
   4        4        5 2
   5        5        6 1
   6        6        7 ar
   7        7        8 ar
   8        8        9 1
   9        8       10 ar
  10       10       11 ar
  11       11       12 ar
  12       12        6 ar
  13       12       13 1
  14       13        4 1
  15        1       14 1
  16        1       15 1
  17        1       16 1
  18        2       17 1
  19        3       18 1
  20        3       19 1
  21        3       20 1
  22        5       21 1
  23        7       22 1
  24       10       23 1
  25       11       24 1

