@<TRIPOS>MOLECULE

  29   30
SMALL
USER_CHARGES
@<TRIPOS>ATOM
   1 C1           0.1224     0.1224     1.8776 C.3          1    LIG   0.0000
   2 C2           1.0000     1.0000     1.0000 C.3          1    LIG   0.0000
   3 C3           1.8776     0.1224     0.1224 C.3          1    LIG   0.0000
   4 O4           0.1802     1.8198     0.1802 O.3          1    LIG   0.0000
   5 C5           1.8776     1.8776     1.8776 C.2          1    LIG   0.0000
   6 C6           2.7125     1.3336     2.7125 C.2          1    LIG   0.0000
   7 C7           3.5498     2.1709     3.5498 C.2          1    LIG   0.0000
   8 C8           3.4238     3.5300     3.4229 C.2          1    LIG   0.0000
   9 C9           4.2281     4.3796     4.2284 C.2          1    LIG   0.0000
  10 C10          5.1105     3.8120     5.1102 C.2          1    LIG   0.0000
  11 N11          5.2178     2.4494     5.2172 N.pl3        1    LIG   0.0000
  12 C12          6.0073     1.6736     6.0132 C.2          1    LIG   0.0000
  13 N13          5.7706     0.4023     5.7791 N.2          1    LIG   0.0000
  14 C14          4.8103     0.3254     4.8138 C.2          1    LIG   0.0000
  15 C15          4.4714     1.6012     4.4714 C.2          1    LIG   0.0000
  16 H            0.6998    -0.4549     2.4549 H            1    LIG   0.0000
  17 H           -0.4549     0.6998     2.4549 H            1    LIG   0.0000
  18 H           -0.4549    -0.4549     1.3002 H            1    LIG   0.0000
  19 H            2.4549    -0.4549     0.6998 H            1    LIG   0.0000
  20 H            1.3002    -0.4549    -0.4549 H            1    LIG   0.0000
  21 H            2.4549     0.6998    -0.4549 H            1    LIG   0.0000
  22 H           -0.3972     1.2425    -0.3972 H            1    LIG   0.0000
  23 H            1.8127     2.8734     1.8127 H            1    LIG   0.0000
  24 H            2.7773     0.3378     2.7773 H            1    LIG   0.0000
  25 H            2.7731     3.9188     2.7707 H            1    LIG   0.0000
  26 H            4.1519     5.3739     4.1535 H            1    LIG   0.0000
  27 H            5.6831     4.3989     5.6826 H            1    LIG   0.0000
  28 H            6.6693     2.0209     6.6774 H            1    LIG   0.0000
  29 H            4.4252    -0.5129     4.4279 H            1    LIG   0.0000
@<TRIPOS>BOND
   1        1        2 1
   2        2        3 1
   3        2        4 1
   4        2        5 1
   5        5        6 2
   6        6        7 1
   7        7        8 2
   8        8        9 1
   9        9       10 2
  10       10       11 1
  11       11       12 1
  12       12       13 2
  13       13       14 1
  14       14       15 2
  15       15        7 1
  16       15       11 1
  17        1       16 1
  18        1       17 1
  19        1       18 1
  20        3       19 1
  21        3       20 1
  22        3       21 1
  23        4       22 1
  24        5       23 1
  25        6       24 1
  26        8       25 1
  27        9       26 1
  28       10       27 1
  29       12       28 1
  30       14       29 1

@<TRIPOS>MOLECULE

  29   30
SMALL
USER_CHARGES
@<TRIPOS>ATOM
   1 C1           0.1224     0.1224     1.8776 C.3          1    LIG   0.0000
   2 C2           1.0000     1.0000     1.0000 C.3          1    LIG   0.0000
   3 C3           1.8776     0.1224     0.1224 C.3          1    LIG   0.0000
   4 O4           0.1802     1.8198     0.1802 O.3          1    LIG   0.0000
   5 C5           1.8776     1.8776     1.8776 C.2          1    LIG   0.0000
   6 C6           2.7125     1.3336     2.7125 C.2          1    LIG   0.0000
   7 C7           3.5498     2.1709     3.5498 C.2          1    LIG   0.0000
   8 C8           3.0606     2.5402     4.7759 C.2          1    LIG   0.0000
   9 C9           3.8550     3.3593     5.6219 C.2          1    LIG   0.0000
  10 C10          5.0906     3.7585     5.1835 C.2          1    LIG   0.0000
  11 N11          5.5563     3.3759     3.9522 N.pl3        1    LIG   0.0000
  12 C12          6.7337     3.6421     3.3183 C.2          1    LIG   0.0000
  13 N13          6.7519     3.0599     2.1404 N.2          1    LIG   0.0000
  14 C14          5.5714     2.3952     1.9828 C.2          1    LIG   0.0000
  15 C15          4.8353     2.5954     3.1132 C.2          1    LIG   0.0000
  16 H            0.6998    -0.4549     2.4549 H            1    LIG   0.0000
  17 H           -0.4549     0.6998     2.4549 H            1    LIG   0.0000
  18 H           -0.4549    -0.4549     1.3002 H            1    LIG   0.0000
  19 H            2.4549    -0.4549     0.6998 H            1    LIG   0.0000
  20 H            1.3002    -0.4549    -0.4549 H            1    LIG   0.0000
  21 H            2.4549     0.6998    -0.4549 H            1    LIG   0.0000
  22 H           -0.3972     1.2425    -0.3972 H            1    LIG   0.0000
  23 H            1.8127     2.8734     1.8127 H            1    LIG   0.0000
  24 H            2.7773     0.3378     2.7773 H            1    LIG   0.0000
  25 H            2.1549     2.2363     5.0714 H            1    LIG   0.0000
  26 H            3.5187     3.6396     6.5209 H            1    LIG   0.0000
  27 H            5.6596     4.3359     5.7691 H            1    LIG   0.0000
  28 H            7.4745     4.1986     3.6945 H            1    LIG   0.0000
  29 H            5.2961     1.8593     1.1847 H            1    LIG   0.0000
@<TRIPOS>BOND
   1        1        2 1
   2        2        3 1
   3        2        4 1
   4        2        5 1
   5        5        6 2
   6        6        7 1
   7        7        8 2
   8        8        9 1
   9        9       10 2
  10       10       11 1
  11       11       12 1
  12       12       13 2
  13       13       14 1
  14       14       15 2
  15       15        7 1
  16       15       11 1
  17        1       16 1
  18        1       17 1
  19        1       18 1
  20        3       19 1
  21        3       20 1
  22        3       21 1
  23        4       22 1
  24        5       23 1
  25        6       24 1
  26        8       25 1
  27        9       26 1
  28       10       27 1
  29       12       28 1
  30       14       29 1

@<TRIPOS>MOLECULE

  29   30
SMALL
USER_CHARGES
@<TRIPOS>ATOM
   1 C1           0.1224     0.1224     1.8776 C.3          1    LIG   0.0000
   2 C2           1.0000     1.0000     1.0000 C.3          1    LIG   0.0000
   3 C3           1.8776     0.1224     0.1224 C.3          1    LIG   0.0000
   4 O4           0.1802     1.8198     0.1802 O.3          1    LIG   0.0000
   5 C5           1.8776     1.8776     1.8776 C.2          1    LIG   0.0000
   6 C6           2.7125     1.3336     2.7125 C.2          1    LIG   0.0000
   7 C7           3.5498     2.1709     3.5498 C.2          1    LIG   0.0000
   8 C8           4.7764     2.5391     3.0611 C.2          1    LIG   0.0000
   9 C9           5.6217     3.3596     3.8548 C.2          1    LIG   0.0000
  10 C10          5.1837     3.7582     5.0908 C.2          1    LIG   0.0000
  11 N11          3.9525     3.3752     5.5566 N.pl3        1    LIG   0.0000
  12 C12          3.3150     3.6488     6.7303 C.2          1    LIG   0.0000
  13 N13          2.1354     3.0697     6.7469 N.2          1    LIG   0.0000
  14 C14          1.9808     2.3993     5.5694 C.2          1    LIG   0.0000
  15 C15          3.1132     2.5954     4.8353 C.2          1    LIG   0.0000
  16 H            0.6998    -0.4549     2.4549 H            1    LIG   0.0000
  17 H           -0.4549     0.6998     2.4549 H            1    LIG   0.0000
  18 H           -0.4549    -0.4549     1.3002 H            1    LIG   0.0000
  19 H            2.4549    -0.4549     0.6998 H            1    LIG   0.0000
  20 H            1.3002    -0.4549    -0.4549 H            1    LIG   0.0000
  21 H            2.4549     0.6998    -0.4549 H            1    LIG   0.0000
  22 H           -0.3972     1.2425    -0.3972 H            1    LIG   0.0000
  23 H            1.8127     2.8734     1.8127 H            1    LIG   0.0000
  24 H            2.7773     0.3378     2.7773 H            1    LIG   0.0000
  25 H            5.0728     2.2336     2.1562 H            1    LIG   0.0000
  26 H            6.5201     3.6414     3.5178 H            1    LIG   0.0000
  27 H            5.7694     4.3354     5.6598 H            1    LIG   0.0000
  28 H            3.6898     4.2080     7.4698 H            1    LIG   0.0000
  29 H            1.1832     1.8623     5.2946 H            1    LIG   0.0000
@<TRIPOS>BOND
   1        1        2 1
   2        2        3 1
   3        2        4 1
   4        2        5 1
   5        5        6 2
   6        6        7 1
   7        7        8 2
   8        8        9 1
   9        9       10 2
  10       10       11 1
  11       11       12 1
  12       12       13 2
  13       13       14 1
  14       14       15 2
  15       15        7 1
  16       15       11 1
  17        1       16 1
  18        1       17 1
  19        1       18 1
  20        3       19 1
  21        3       20 1
  22        3       21 1
  23        4       22 1
  24        5       23 1
  25        6       24 1
  26        8       25 1
  27        9       26 1
  28       10       27 1
  29       12       28 1
  30       14       29 1

@<TRIPOS>MOLECULE

  29   30
SMALL
USER_CHARGES
@<TRIPOS>ATOM
   1 C1           0.1224     0.1224     1.8776 C.3          1    LIG   0.0000
   2 C2           1.0000     1.0000     1.0000 C.3          1    LIG   0.0000
   3 C3           1.8776     0.1224     0.1224 C.3          1    LIG   0.0000
   4 O4           0.1802     1.8198     0.1802 O.3          1    LIG   0.0000
   5 C5           1.8776     1.8776     1.8776 C.2          1    LIG   0.0000
   6 C6           2.7125     1.3336     2.7125 C.2          1    LIG   0.0000
   7 C7           3.5498     2.1709     3.5498 C.2          1    LIG   0.0000
   8 C8           4.7759     1.6818     3.9190 C.2          1    LIG   0.0000
   9 C9           5.6219     2.4761     4.7382 C.2          1    LIG   0.0000
  10 C10          5.1835     3.7118     5.1373 C.2          1    LIG   0.0000
  11 N11          3.9522     4.1775     4.7547 N.pl3        1    LIG   0.0000
  12 C12          3.3183     5.3548     5.0210 C.2          1    LIG   0.0000
  13 N13          2.1404     5.3730     4.4387 N.2          1    LIG   0.0000
  14 C14          1.9828     4.1926     3.7741 C.2          1    LIG   0.0000
  15 C15          3.1132     3.4565     3.9743 C.2          1    LIG   0.0000
  16 H            0.6998    -0.4549     2.4549 H            1    LIG   0.0000
  17 H           -0.4549     0.6998     2.4549 H            1    LIG   0.0000
  18 H           -0.4549    -0.4549     1.3002 H            1    LIG   0.0000
  19 H            2.4549    -0.4549     0.6998 H            1    LIG   0.0000
  20 H            1.3002    -0.4549    -0.4549 H            1    LIG   0.0000
  21 H            2.4549     0.6998    -0.4549 H            1    LIG   0.0000
  22 H           -0.3972     1.2425    -0.3972 H            1    LIG   0.0000
  23 H            1.8127     2.8734     1.8127 H            1    LIG   0.0000
  24 H            2.7773     0.3378     2.7773 H            1    LIG   0.0000
  25 H            5.0714     0.7760     3.6152 H            1    LIG   0.0000
  26 H            6.5209     2.1398     5.0185 H            1    LIG   0.0000
  27 H            5.7691     4.2807     5.7147 H            1    LIG   0.0000
  28 H            3.6945     6.0956     5.5775 H            1    LIG   0.0000
  29 H            1.1847     3.9173     3.2382 H            1    LIG   0.0000
@<TRIPOS>BOND
   1        1        2 1
   2        2        3 1
   3        2        4 1
   4        2        5 1
   5        5        6 2
   6        6        7 1
   7        7        8 2
   8        8        9 1
   9        9       10 2
  10       10       11 1
  11       11       12 1
  12       12       13 2
  13       13       14 1
  14       14       15 2
  15       15        7 1
  16       15       11 1
  17        1       16 1
  18        1       17 1
  19        1       18 1
  20        3       19 1
  21        3       20 1
  22        3       21 1
  23        4       22 1
  24        5       23 1
  25        6       24 1
  26        8       25 1
  27        9       26 1
  28       10       27 1
  29       12       28 1
  30       14       29 1

@<TRIPOS>MOLECULE

  29   30
SMALL
USER_CHARGES
@<TRIPOS>ATOM
   1 C1           0.1224     0.1224     1.8776 C.3          1    LIG   0.0000
   2 C2           1.0000     1.0000     1.0000 C.3          1    LIG   0.0000
   3 C3           1.8776     0.1224     0.1224 C.3          1    LIG   0.0000
   4 O4           0.1802     1.8198     0.1802 O.3          1    LIG   0.0000
   5 C5           1.8776     1.8776     1.8776 C.2          1    LIG   0.0000
   6 C6           2.7125     1.3336     2.7125 C.2          1    LIG   0.0000
   7 C7           3.5498     2.1709     3.5498 C.2          1    LIG   0.0000
   8 C8           3.9180     1.6823     4.7764 C.2          1    LIG   0.0000
   9 C9           4.7385     2.4759     5.6217 C.2          1    LIG   0.0000
  10 C10          5.1370     3.7119     5.1837 C.2          1    LIG   0.0000
  11 N11          4.7541     4.1778     3.9525 N.pl3        1    LIG   0.0000
  12 C12          5.0277     5.3515     3.3150 C.2          1    LIG   0.0000
  13 N13          4.4486     5.3681     2.1354 N.2          1    LIG   0.0000
  14 C14          3.7782     4.1905     1.9808 C.2          1    LIG   0.0000
  15 C15          3.9743     3.4565     3.1132 C.2          1    LIG   0.0000
  16 H            0.6998    -0.4549     2.4549 H            1    LIG   0.0000
  17 H           -0.4549     0.6998     2.4549 H            1    LIG   0.0000
  18 H           -0.4549    -0.4549     1.3002 H            1    LIG   0.0000
  19 H            2.4549    -0.4549     0.6998 H            1    LIG   0.0000
  20 H            1.3002    -0.4549    -0.4549 H            1    LIG   0.0000
  21 H            2.4549     0.6998    -0.4549 H            1    LIG   0.0000
  22 H           -0.3972     1.2425    -0.3972 H            1    LIG   0.0000
  23 H            1.8127     2.8734     1.8127 H            1    LIG   0.0000
  24 H            2.7773     0.3378     2.7773 H            1    LIG   0.0000
  25 H            3.6124     0.7774     5.0728 H            1    LIG   0.0000
  26 H            5.0203     2.1389     6.5201 H            1    LIG   0.0000
  27 H            5.7142     4.2810     5.7694 H            1    LIG   0.0000
  28 H            5.5868     6.0909     3.6898 H            1    LIG   0.0000
  29 H            3.2412     3.9158     1.1832 H            1    LIG   0.0000
@<TRIPOS>BOND
   1        1        2 1
   2        2        3 1
   3        2        4 1
   4        2        5 1
   5        5        6 2
   6        6        7 1
   7        7        8 2
   8        8        9 1
   9        9       10 2
  10       10       11 1
  11       11       12 1
  12       12       13 2
  13       13       14 1
  14       14       15 2
  15       15        7 1
  16       15       11 1
  17        1       16 1
  18        1       17 1
  19        1       18 1
  20        3       19 1
  21        3       20 1
  22        3       21 1
  23        4       22 1
  24        5       23 1
  25        6       24 1
  26        8       25 1
  27        9       26 1
  28       10       27 1
  29       12       28 1
  30       14       29 1

@<TRIPOS>MOLECULE

  29   30
SMALL
USER_CHARGES
@<TRIPOS>ATOM
   1 C1           0.1224     0.1224     1.8776 C.3          1    LIG   0.0000
   2 C2           1.0000     1.0000     1.0000 C.3          1    LIG   0.0000
   3 C3           1.8776     0.1224     0.1224 C.3          1    LIG   0.0000
   4 O4           0.1802     1.8198     0.1802 O.3          1    LIG   0.0000
   5 C5           1.8776     1.8776     1.8776 C.2          1    LIG   0.0000
   6 C6           1.3336     2.7125     2.7125 C.2          1    LIG   0.0000
   7 C7           2.1709     3.5498     3.5498 C.2          1    LIG   0.0000
   8 C8           3.5300     3.4229     3.4238 C.2          1    LIG   0.0000
   9 C9           4.3796     4.2284     4.2281 C.2          1    LIG   0.0000
  10 C10          3.8120     5.1102     5.1105 C.2          1    LIG   0.0000
  11 N11          2.4494     5.2172     5.2178 N.pl3        1    LIG   0.0000
  12 C12          1.6736     6.0132     6.0073 C.2          1    LIG   0.0000
  13 N13          0.4023     5.7791     5.7706 N.2          1    LIG   0.0000
  14 C14          0.3254     4.8138     4.8103 C.2          1    LIG   0.0000
  15 C15          1.6012     4.4714     4.4714 C.2          1    LIG   0.0000
  16 H            0.6998    -0.4549     2.4549 H            1    LIG   0.0000
  17 H           -0.4549     0.6998     2.4549 H            1    LIG   0.0000
  18 H           -0.4549    -0.4549     1.3002 H            1    LIG   0.0000
  19 H            2.4549    -0.4549     0.6998 H            1    LIG   0.0000
  20 H            1.3002    -0.4549    -0.4549 H            1    LIG   0.0000
  21 H            2.4549     0.6998    -0.4549 H            1    LIG   0.0000
  22 H           -0.3972     1.2425    -0.3972 H            1    LIG   0.0000
  23 H            2.8734     1.8127     1.8127 H            1    LIG   0.0000
  24 H            0.3378     2.7773     2.7773 H            1    LIG   0.0000
  25 H            3.9188     2.7707     2.7731 H            1    LIG   0.0000
  26 H            5.3739     4.1535     4.1519 H            1    LIG   0.0000
  27 H            4.3989     5.6826     5.6831 H            1    LIG   0.0000
  28 H            2.0209     6.6774     6.6693 H            1    LIG   0.0000
  29 H           -0.5129     4.4279     4.4252 H            1    LIG   0.0000
@<TRIPOS>BOND
   1        1        2 1
   2        2        3 1
   3        2        4 1
   4        2        5 1
   5        5        6 2
   6        6        7 1
   7        7        8 2
   8        8        9 1
   9        9       10 2
  10       10       11 1
  11       11       12 1
  12       12       13 2
  13       13       14 1
  14       14       15 2
  15       15        7 1
  16       15       11 1
  17        1       16 1
  18        1       17 1
  19        1       18 1
  20        3       19 1
  21        3       20 1
  22        3       21 1
  23        4       22 1
  24        5       23 1
  25        6       24 1
  26        8       25 1
  27        9       26 1
  28       10       27 1
  29       12       28 1
  30       14       29 1

@<TRIPOS>MOLECULE

  29   30
SMALL
USER_CHARGES
@<TRIPOS>ATOM
   1 C1           0.1224     0.1224     1.8776 C.3          1    LIG   0.0000
   2 C2           1.0000     1.0000     1.0000 C.3          1    LIG   0.0000
   3 C3           1.8776     0.1224     0.1224 C.3          1    LIG   0.0000
   4 O4           0.1802     1.8198     0.1802 O.3          1    LIG   0.0000
   5 C5           1.8776     1.8776     1.8776 C.2          1    LIG   0.0000
   6 C6           1.3336     2.7125     2.7125 C.2          1    LIG   0.0000
   7 C7           2.1709     3.5498     3.5498 C.2          1    LIG   0.0000
   8 C8           2.5402     4.7759     3.0606 C.2          1    LIG   0.0000
   9 C9           3.3593     5.6219     3.8550 C.2          1    LIG   0.0000
  10 C10          3.7585     5.1835     5.0906 C.2          1    LIG   0.0000
  11 N11          3.3759     3.9522     5.5563 N.pl3        1    LIG   0.0000
  12 C12          3.6421     3.3183     6.7337 C.2          1    LIG   0.0000
  13 N13          3.0599     2.1404     6.7519 N.2          1    LIG   0.0000
  14 C14          2.3952     1.9828     5.5714 C.2          1    LIG   0.0000
  15 C15          2.5954     3.1132     4.8353 C.2          1    LIG   0.0000
  16 H            0.6998    -0.4549     2.4549 H            1    LIG   0.0000
  17 H           -0.4549     0.6998     2.4549 H            1    LIG   0.0000
  18 H           -0.4549    -0.4549     1.3002 H            1    LIG   0.0000
  19 H            2.4549    -0.4549     0.6998 H            1    LIG   0.0000
  20 H            1.3002    -0.4549    -0.4549 H            1    LIG   0.0000
  21 H            2.4549     0.6998    -0.4549 H            1    LIG   0.0000
  22 H           -0.3972     1.2425    -0.3972 H            1    LIG   0.0000
  23 H            2.8734     1.8127     1.8127 H            1    LIG   0.0000
  24 H            0.3378     2.7773     2.7773 H            1    LIG   0.0000
  25 H            2.2363     5.0714     2.1549 H            1    LIG   0.0000
  26 H            3.6396     6.5209     3.5187 H            1    LIG   0.0000
  27 H            4.3359     5.7691     5.6596 H            1    LIG   0.0000
  28 H            4.1986     3.6945     7.4745 H            1    LIG   0.0000
  29 H            1.8593     1.1847     5.2961 H            1    LIG   0.0000
@<TRIPOS>BOND
   1        1        2 1
   2        2        3 1
   3        2        4 1
   4        2        5 1
   5        5        6 2
   6        6        7 1
   7        7        8 2
   8        8        9 1
   9        9       10 2
  10       10       11 1
  11       11       12 1
  12       12       13 2
  13       13       14 1
  14       14       15 2
  15       15        7 1
  16       15       11 1
  17        1       16 1
  18        1       17 1
  19        1       18 1
  20        3       19 1
  21        3       20 1
  22        3       21 1
  23        4       22 1
  24        5       23 1
  25        6       24 1
  26        8       25 1
  27        9       26 1
  28       10       27 1
  29       12       28 1
  30       14       29 1

@<TRIPOS>MOLECULE

  29   30
SMALL
USER_CHARGES
@<TRIPOS>ATOM
   1 C1           0.1224     0.1224     1.8776 C.3          1    LIG   0.0000
   2 C2           1.0000     1.0000     1.0000 C.3          1    LIG   0.0000
   3 C3           1.8776     0.1224     0.1224 C.3          1    LIG   0.0000
   4 O4           0.1802     1.8198     0.1802 O.3          1    LIG   0.0000
   5 C5           1.8776     1.8776     1.8776 C.2          1    LIG   0.0000
   6 C6           1.3336     2.7125     2.7125 C.2          1    LIG   0.0000
   7 C7           2.1709     3.5498     3.5498 C.2          1    LIG   0.0000
   8 C8           1.6823     4.7764     3.9180 C.2          1    LIG   0.0000
   9 C9           2.4759     5.6217     4.7385 C.2          1    LIG   0.0000
  10 C10          3.7119     5.1837     5.1370 C.2          1    LIG   0.0000
  11 N11          4.1778     3.9525     4.7541 N.pl3        1    LIG   0.0000
  12 C12          5.3515     3.3150     5.0277 C.2          1    LIG   0.0000
  13 N13          5.3681     2.1354     4.4486 N.2          1    LIG   0.0000
  14 C14          4.1905     1.9808     3.7782 C.2          1    LIG   0.0000
  15 C15          3.4565     3.1132     3.9743 C.2          1    LIG   0.0000
  16 H            0.6998    -0.4549     2.4549 H            1    LIG   0.0000
  17 H           -0.4549     0.6998     2.4549 H            1    LIG   0.0000
  18 H           -0.4549    -0.4549     1.3002 H            1    LIG   0.0000
  19 H            2.4549    -0.4549     0.6998 H            1    LIG   0.0000
  20 H            1.3002    -0.4549    -0.4549 H            1    LIG   0.0000
  21 H            2.4549     0.6998    -0.4549 H            1    LIG   0.0000
  22 H           -0.3972     1.2425    -0.3972 H            1    LIG   0.0000
  23 H            2.8734     1.8127     1.8127 H            1    LIG   0.0000
  24 H            0.3378     2.7773     2.7773 H            1    LIG   0.0000
  25 H            0.7774     5.0728     3.6124 H            1    LIG   0.0000
  26 H            2.1389     6.5201     5.0203 H            1    LIG   0.0000
  27 H            4.2810     5.7694     5.7142 H            1    LIG   0.0000
  28 H            6.0909     3.6898     5.5868 H            1    LIG   0.0000
  29 H            3.9158     1.1832     3.2412 H            1    LIG   0.0000
@<TRIPOS>BOND
   1        1        2 1
   2        2        3 1
   3        2        4 1
   4        2        5 1
   5        5        6 2
   6        6        7 1
   7        7        8 2
   8        8        9 1
   9        9       10 2
  10       10       11 1
  11       11       12 1
  12       12       13 2
  13       13       14 1
  14       14       15 2
  15       15        7 1
  16       15       11 1
  17        1       16 1
  18        1       17 1
  19        1       18 1
  20        3       19 1
  21        3       20 1
  22        3       21 1
  23        4       22 1
  24        5       23 1
  25        6       24 1
  26        8       25 1
  27        9       26 1
  28       10       27 1
  29       12       28 1
  30       14       29 1

@<TRIPOS>MOLECULE

  29   30
SMALL
USER_CHARGES
@<TRIPOS>ATOM
   1 C1           0.1224     0.1224     1.8776 C.3          1    LIG   0.0000
   2 C2           1.0000     1.0000     1.0000 C.3          1    LIG   0.0000
   3 C3           1.8776     0.1224     0.1224 C.3          1    LIG   0.0000
   4 O4           0.1802     1.8198     0.1802 O.3          1    LIG   0.0000
   5 C5           1.8776     1.8776     1.8776 C.2          1    LIG   0.0000
   6 C6           2.7125     2.7125     1.3336 C.2          1    LIG   0.0000
   7 C7           3.5498     3.5498     2.1709 C.2          1    LIG   0.0000
   8 C8           3.4229     3.4238     3.5300 C.2          1    LIG   0.0000
   9 C9           4.2284     4.2281     4.3796 C.2          1    LIG   0.0000
  10 C10          5.1102     5.1105     3.8120 C.2          1    LIG   0.0000
  11 N11          5.2172     5.2178     2.4494 N.pl3        1    LIG   0.0000
  12 C12          6.0132     6.0073     1.6736 C.2          1    LIG   0.0000
  13 N13          5.7791     5.7706     0.4023 N.2          1    LIG   0.0000
  14 C14          4.8138     4.8103     0.3254 C.2          1    LIG   0.0000
  15 C15          4.4714     4.4714     1.6012 C.2          1    LIG   0.0000
  16 H            0.6998    -0.4549     2.4549 H            1    LIG   0.0000
  17 H           -0.4549     0.6998     2.4549 H            1    LIG   0.0000
  18 H           -0.4549    -0.4549     1.3002 H            1    LIG   0.0000
  19 H            2.4549    -0.4549     0.6998 H            1    LIG   0.0000
  20 H            1.3002    -0.4549    -0.4549 H            1    LIG   0.0000
  21 H            2.4549     0.6998    -0.4549 H            1    LIG   0.0000
  22 H           -0.3972     1.2425    -0.3972 H            1    LIG   0.0000
  23 H            1.8127     1.8127     2.8734 H            1    LIG   0.0000
  24 H            2.7773     2.7773     0.3378 H            1    LIG   0.0000
  25 H            2.7707     2.7731     3.9188 H            1    LIG   0.0000
  26 H            4.1535     4.1519     5.3739 H            1    LIG   0.0000
  27 H            5.6826     5.6831     4.3989 H            1    LIG   0.0000
  28 H            6.6774     6.6693     2.0209 H            1    LIG   0.0000
  29 H            4.4279     4.4252    -0.5129 H            1    LIG   0.0000
@<TRIPOS>BOND
   1        1        2 1
   2        2        3 1
   3        2        4 1
   4        2        5 1
   5        5        6 2
   6        6        7 1
   7        7        8 2
   8        8        9 1
   9        9       10 2
  10       10       11 1
  11       11       12 1
  12       12       13 2
  13       13       14 1
  14       14       15 2
  15       15        7 1
  16       15       11 1
  17        1       16 1
  18        1       17 1
  19        1       18 1
  20        3       19 1
  21        3       20 1
  22        3       21 1
  23        4       22 1
  24        5       23 1
  25        6       24 1
  26        8       25 1
  27        9       26 1
  28       10       27 1
  29       12       28 1
  30       14       29 1

@<TRIPOS>MOLECULE

  29   30
SMALL
USER_CHARGES
@<TRIPOS>ATOM
   1 C1           0.1224     0.1224     1.8776 C.3          1    LIG   0.0000
   2 C2           1.0000     1.0000     1.0000 C.3          1    LIG   0.0000
   3 C3           1.8776     0.1224     0.1224 C.3          1    LIG   0.0000
   4 O4           0.1802     1.8198     0.1802 O.3          1    LIG   0.0000
   5 C5           1.8776     1.8776     1.8776 C.2          1    LIG   0.0000
   6 C6           2.4125     2.9570     1.3890 C.2          1    LIG   0.0000
   7 C7           3.2498     3.7944     2.2264 C.2          1    LIG   0.0000
   8 C8           4.2555     4.5013     1.6199 C.2          1    LIG   0.0000
   9 C9           5.0939     5.3320     2.4103 C.2          1    LIG   0.0000
  10 C10          4.8718     5.3999     3.7609 C.2          1    LIG   0.0000
  11 N11          3.8593     4.6819     4.3431 N.pl3        1    LIG   0.0000
  12 C12          3.4543     4.5976     5.6422 C.2          1    LIG   0.0000
  13 N13          2.4285     3.7822     5.7414 N.2          1    LIG   0.0000
  14 C14          2.1428     3.3140     4.4927 C.2          1    LIG   0.0000
  15 C15          3.0352     3.8788     3.6300 C.2          1    LIG   0.0000
  16 H            0.6998    -0.4549     2.4549 H            1    LIG   0.0000
  17 H           -0.4549     0.6998     2.4549 H            1    LIG   0.0000
  18 H           -0.4549    -0.4549     1.3002 H            1    LIG   0.0000
  19 H            2.4549    -0.4549     0.6998 H            1    LIG   0.0000
  20 H            1.3002    -0.4549    -0.4549 H            1    LIG   0.0000
  21 H            2.4549     0.6998    -0.4549 H            1    LIG   0.0000
  22 H           -0.3972     1.2425    -0.3972 H            1    LIG   0.0000
  23 H            2.0435     1.6246     2.8307 H            1    LIG   0.0000
  24 H            2.2466     3.2100     0.4359 H            1    LIG   0.0000
  25 H            4.3972     4.4330     0.6324 H            1    LIG   0.0000
  26 H            5.8329     5.8576     1.9888 H            1    LIG   0.0000
  27 H            5.4553     5.9804     4.3288 H            1    LIG   0.0000
  28 H            3.8758     5.0847     6.4071 H            1    LIG   0.0000
  29 H            1.4127     2.6738     4.2537 H            1    LIG   0.0000
@<TRIPOS>BOND
   1        1        2 1
   2        2        3 1
   3        2        4 1
   4        2        5 1
   5        5        6 2
   6        6        7 1
   7        7        8 2
   8        8        9 1
   9        9       10 2
  10       10       11 1
  11       11       12 1
  12       12       13 2
  13       13       14 1
  14       14       15 2
  15       15        7 1
  16       15       11 1
  17        1       16 1
  18        1       17 1
  19        1       18 1
  20        3       19 1
  21        3       20 1
  22        3       21 1
  23        4       22 1
  24        5       23 1
  25        6       24 1
  26        8       25 1
  27        9       26 1
  28       10       27 1
  29       12       28 1
  30       14       29 1

@<TRIPOS>MOLECULE

  29   30
SMALL
USER_CHARGES
@<TRIPOS>ATOM
   1 C1           0.1224     0.1224     1.8776 C.3          1    LIG   0.0000
   2 C2           1.0000     1.0000     1.0000 C.3          1    LIG   0.0000
   3 C3           1.8776     0.1224     0.1224 C.3          1    LIG   0.0000
   4 O4           0.1802     1.8198     0.1802 O.3          1    LIG   0.0000
   5 C5           1.8776     1.8776     1.8776 C.2          1    LIG   0.0000
   6 C6           1.4568     3.0489     2.2529 C.2          1    LIG   0.0000
   7 C7           2.2941     3.8863     3.0902 C.2          1    LIG   0.0000
   8 C8           3.1575     3.2647     3.9545 C.2          1    LIG   0.0000
   9 C9           3.9928     4.0547     4.7886 C.2          1    LIG   0.0000
  10 C10          3.9082     5.4200     4.7045 C.2          1    LIG   0.0000
  11 N11          3.0353     6.0170     3.8320 N.pl3        1    LIG   0.0000
  12 C12          2.7856     7.3326     3.5759 C.2          1    LIG   0.0000
  13 N13          1.8610     7.4426     2.6485 N.2          1    LIG   0.0000
  14 C14          1.4862     6.1845     2.2788 C.2          1    LIG   0.0000
  15 C15          2.2214     5.3050     3.0175 C.2          1    LIG   0.0000
  16 H            0.6998    -0.4549     2.4549 H            1    LIG   0.0000
  17 H           -0.4549     0.6998     2.4549 H            1    LIG   0.0000
  18 H           -0.4549    -0.4549     1.3002 H            1    LIG   0.0000
  19 H            2.4549    -0.4549     0.6998 H            1    LIG   0.0000
  20 H            1.3002    -0.4549    -0.4549 H            1    LIG   0.0000
  21 H            2.4549     0.6998    -0.4549 H            1    LIG   0.0000
  22 H           -0.3972     1.2425    -0.3972 H            1    LIG   0.0000
  23 H            2.7786     1.5539     2.1662 H            1    LIG   0.0000
  24 H            0.5557     3.3726     1.9642 H            1    LIG   0.0000
  25 H            3.1989     2.2664     3.9973 H            1    LIG   0.0000
  26 H            4.6311     3.6225     5.4257 H            1    LIG   0.0000
  27 H            4.4902     5.9877     5.2867 H            1    LIG   0.0000
  28 H            3.2393     8.1010     4.0273 H            1    LIG   0.0000
  29 H            0.7984     5.9499     1.5919 H            1    LIG   0.0000
@<TRIPOS>BOND
   1        1        2 1
   2        2        3 1
   3        2        4 1
   4        2        5 1
   5        5        6 2
   6        6        7 1
   7        7        8 2
   8        8        9 1
   9        9       10 2
  10       10       11 1
  11       11       12 1
  12       12       13 2
  13       13       14 1
  14       14       15 2
  15       15        7 1
  16       15       11 1
  17        1       16 1
  18        1       17 1
  19        1       18 1
  20        3       19 1
  21        3       20 1
  22        3       21 1
  23        4       22 1
  24        5       23 1
  25        6       24 1
  26        8       25 1
  27        9       26 1
  28       10       27 1
  29       12       28 1
  30       14       29 1

@<TRIPOS>MOLECULE

  29   30
SMALL
USER_CHARGES
@<TRIPOS>ATOM
   1 C1           0.1224     0.1224     1.8776 C.3          1    LIG   0.0000
   2 C2           1.0000     1.0000     1.0000 C.3          1    LIG   0.0000
   3 C3           1.8776     0.1224     0.1224 C.3          1    LIG   0.0000
   4 O4           0.1802     1.8198     0.1802 O.3          1    LIG   0.0000
   5 C5           1.8776     1.8776     1.8776 C.2          1    LIG   0.0000
   6 C6           3.0489     2.2529     1.4568 C.2          1    LIG   0.0000
   7 C7           3.8863     3.0902     2.2941 C.2          1    LIG   0.0000
   8 C8           3.2647     3.9545     3.1575 C.2          1    LIG   0.0000
   9 C9           4.0547     4.7886     3.9928 C.2          1    LIG   0.0000
  10 C10          5.4200     4.7045     3.9082 C.2          1    LIG   0.0000
  11 N11          6.0170     3.8320     3.0353 N.pl3        1    LIG   0.0000
  12 C12          7.3326     3.5759     2.7856 C.2          1    LIG   0.0000
  13 N13          7.4426     2.6485     1.8610 N.2          1    LIG   0.0000
  14 C14          6.1845     2.2788     1.4862 C.2          1    LIG   0.0000
  15 C15          5.3050     3.0175     2.2214 C.2          1    LIG   0.0000
  16 H            0.6998    -0.4549     2.4549 H            1    LIG   0.0000
  17 H           -0.4549     0.6998     2.4549 H            1    LIG   0.0000
  18 H           -0.4549    -0.4549     1.3002 H            1    LIG   0.0000
  19 H            2.4549    -0.4549     0.6998 H            1    LIG   0.0000
  20 H            1.3002    -0.4549    -0.4549 H            1    LIG   0.0000
  21 H            2.4549     0.6998    -0.4549 H            1    LIG   0.0000
  22 H           -0.3972     1.2425    -0.3972 H            1    LIG   0.0000
  23 H            1.5539     2.1662     2.7786 H            1    LIG   0.0000
  24 H            3.3726     1.9642     0.5557 H            1    LIG   0.0000
  25 H            2.2664     3.9973     3.1989 H            1    LIG   0.0000
  26 H            3.6225     5.4257     4.6311 H            1    LIG   0.0000
  27 H            5.9877     5.2867     4.4902 H            1    LIG   0.0000
  28 H            8.1010     4.0273     3.2393 H            1    LIG   0.0000
  29 H            5.9499     1.5919     0.7984 H            1    LIG   0.0000
@<TRIPOS>BOND
   1        1        2 1
   2        2        3 1
   3        2        4 1
   4        2        5 1
   5        5        6 2
   6        6        7 1
   7        7        8 2
   8        8        9 1
   9        9       10 2
  10       10       11 1
  11       11       12 1
  12       12       13 2
  13       13       14 1
  14       14       15 2
  15       15        7 1
  16       15       11 1
  17        1       16 1
  18        1       17 1
  19        1       18 1
  20        3       19 1
  21        3       20 1
  22        3       21 1
  23        4       22 1
  24        5       23 1
  25        6       24 1
  26        8       25 1
  27        9       26 1
  28       10       27 1
  29       12       28 1
  30       14       29 1

